FINAL

    5 8 5

    [50.70422535211267, 50.70422535211267, 50.23474178403756, 48.82629107981221, 52.58215962441315, 50.70422535211267, 51.173708920187785]

    50.70422535211267

FINAL-GT

    2 4 4

    [49.76525821596244, 48.82629107981221, 48.82629107981221, 49.76525821596244, 49.29577464788733, 49.29577464788733, 48.82629107981221]

    49.29577464788733

FINAL-MIX

    6 8 3

    [53.990610328638496, 55.86854460093896, 54.929577464788736, 54.460093896713616, 53.990610328638496, 53.52112676056338, 53.051643192488264]

    53.990610328638496


    pca_n = int(sys.argv[2])
    neuron_number = int(sys.argv[3])
    data_n = int(sys.argv[4])